TotalArea_x,TotalArea_y
0.,2457.
1.,2483.
2.,2505.
3.,2531.
4.,2989.
5.,3503.
6.,3915.
7.,4348.
8.,4831.
9.,5244.
10.,5655.
11.,5868.
12.,5975.
13.,6043.
14.,6068.
15.,6070.
16.,6083.
17.,6092.
18.,6088.
19.,6108.
20.,6106.
21.,6102.
22.,6107.
23.,6115.
24.,6113.
25.,6114.
26.,6115.
27.,6115.
28.,6113.
29.,6115.
30.,6118.
31.,6119.
32.,6117.
33.,6117.
34.,6119.
35.,6121.
36.,6124.
37.,6123.
38.,6122.
39.,6121.
40.,6120.
41.,6122.
42.,6124.
43.,6122.
44.,6122.
45.,6122.
46.,6121.
47.,6122.
48.,6123.
49.,6126.
50.,6128.
51.,6127.
52.,6130.
53.,6128.
54.,6130.
55.,6132.
56.,6135.
57.,6137.
58.,6137.
59.,6137.
60.,6139.
61.,6141.
62.,6142.
63.,6145.
64.,6144.
65.,6143.
66.,6144.
67.,6144.
68.,6145.
69.,6146.
70.,6147.
71.,6147.
72.,6148.
73.,6145.
74.,6146.
75.,6147.
76.,6150.
77.,6148.
78.,6152.
79.,6153.
80.,6155.
81.,6155.
82.,6158.
83.,6158.
84.,6159.
85.,6163.
86.,6159.
87.,6160.
88.,6158.
89.,6157.
90.,6159.
91.,6159.
92.,6163.
93.,6163.
94.,6165.
95.,6167.
96.,6166.
97.,6164.
98.,6160.
99.,6160.
100.,6160.
101.,6160.
102.,6162.
103.,6161.
104.,6161.
105.,6162.
106.,6161.
107.,6161.
108.,6163.
109.,6162.
110.,6162.
111.,6162.
112.,6162.
113.,6163.
114.,6163.
115.,6162.
116.,6161.
117.,6162.
118.,6164.
119.,6165.
120.,6166.
121.,6170.
122.,6168.
123.,6170.
124.,6170.
125.,6169.
126.,6169.
127.,6170.
128.,6170.
129.,6172.
130.,6172.
131.,6173.
132.,6173.
133.,6172.
134.,6173.
135.,6174.
136.,6176.
137.,6178.
138.,6179.
139.,6179.
140.,6179.
141.,6179.
142.,6179.
143.,6179.
144.,6180.
145.,6180.
146.,6180.
147.,6179.
148.,6179.
149.,6179.
150.,6179.
151.,6179.
152.,6179.
153.,6179.
154.,6180.
155.,6180.
156.,6180.
157.,6181.
158.,6183.
159.,6185.
160.,6187.
161.,6187.
162.,6187.
163.,6187.
164.,6187.
165.,6189.
166.,6190.
167.,6190.
168.,6191.
169.,6191.
170.,6189.
171.,6189.
172.,6190.
173.,6188.
174.,6187.
175.,6188.
176.,6190.
177.,6191.
178.,6191.
179.,6191.
180.,6192.
181.,6192.
182.,6192.
183.,6192.
184.,6192.
185.,6192.
186.,6192.
187.,6193.
188.,6194.
189.,6194.
190.,6192.
191.,6192.
192.,6192.
193.,6195.
194.,6196.
195.,6196.
196.,6197.
197.,6197.
198.,6197.
199.,6199.
200.,6200.
201.,6200.
202.,6200.
203.,6200.
204.,6200.
205.,6201.
206.,6201.
207.,6201.
208.,6201.
209.,6201.
210.,6202.
211.,6202.
212.,6203.
213.,6203.
214.,6205.
215.,6206.
216.,6207.
217.,6208.
218.,6209.
219.,6209.
220.,6209.
221.,6209.
222.,6209.
223.,6209.
224.,6209.
225.,6209.
226.,6210.
227.,6210.
228.,6210.
229.,6210.
230.,6210.
231.,6210.
232.,6210.
233.,6209.
234.,6208.
235.,6207.
236.,6207.
237.,6206.
238.,6206.
239.,6205.
240.,6205.
241.,6204.
242.,6204.
243.,6204.
244.,6205.
245.,6205.
246.,6205.
247.,6203.
248.,6203.
249.,6204.
250.,6205.
251.,6204.
252.,6205.
253.,6205.
254.,6204.
255.,6203.
256.,6202.
257.,6199.
258.,6199.
259.,6198.
260.,6197.
261.,6197.
262.,6195.
263.,6196.
264.,6195.
265.,6191.
266.,6190.
267.,6187.
268.,6184.
269.,6184.
270.,6182.
271.,6181.
272.,6177.
273.,6176.
274.,6172.
275.,6168.
276.,6166.
277.,6165.
278.,6163.
279.,6161.
280.,6160.
281.,6156.
282.,6151.
283.,6147.
284.,6143.
285.,6138.
286.,6130.
287.,6130.
288.,6124.
289.,6121.
290.,6119.
291.,6113.
292.,6108.
293.,6104.
294.,6100.
295.,6091.
296.,6083.
297.,6081.
298.,6077.
299.,6072.
300.,6063.
301.,6059.
302.,6056.
303.,6042.
304.,6036.
305.,6028.
306.,6019.
307.,6007.
308.,5999.
309.,5988.
310.,5979.
311.,5974.
312.,5965.
313.,5954.
314.,5946.
315.,5940.
316.,5934.
317.,5927.
318.,5918.
319.,5911.
320.,5904.
321.,5900.
322.,5898.
323.,5896.
324.,5893.
325.,5890.
326.,5890.
327.,5884.
328.,5886.
329.,5887.
330.,5887.
331.,5886.
332.,5887.
333.,5887.
334.,5889.
335.,5886.
336.,5885.
337.,5884.
338.,5882.
339.,5882.
340.,5886.
341.,5884.
342.,5884.
343.,5885.
344.,5884.
345.,5886.
346.,5884.
347.,5884.
348.,5885.
349.,5882.
350.,5879.
351.,5882.
352.,5883.
353.,5882.
354.,5886.
355.,5887.
356.,5888.
357.,5886.
358.,5885.
359.,5884.
360.,5885.
361.,5886.
362.,5889.
363.,5890.
364.,5890.
365.,5890.
366.,5888.
367.,5888.
368.,5887.
369.,5886.
370.,5886.
371.,5887.
372.,5888.
373.,5891.
374.,5888.
375.,5890.
376.,5892.
377.,5892.
378.,5891.
379.,5890.
380.,5890.
381.,5890.
382.,5891.
383.,5891.
384.,5891.
385.,5889.
386.,5890.
387.,5890.
388.,5891.
389.,5889.
390.,5888.
391.,5887.
392.,5887.
393.,5888.
394.,5889.
395.,5890.
396.,5890.
397.,5890.
398.,5889.
399.,5890.
400.,5890.
401.,5889.
402.,5889.
403.,5889.
404.,5890.
405.,5889.
406.,5890.
407.,5890.
408.,5890.
409.,5893.
410.,5893.
411.,5892.
412.,5892.
413.,5892.
414.,5892.
415.,5892.
416.,5893.
417.,5894.
418.,5892.
419.,5893.
420.,5892.
421.,5893.
422.,5895.
423.,5894.
424.,5893.
425.,5891.
426.,5892.
427.,5891.
428.,5892.
429.,5890.
430.,5892.
431.,5893.
432.,5891.
433.,5891.
434.,5892.
435.,5892.
436.,5894.
437.,5894.
438.,5894.
439.,5894.
440.,5893.
441.,5894.
442.,5894.
443.,5894.
444.,5893.
445.,5894.
446.,5895.
447.,5894.
448.,5894.
449.,5894.
450.,5894.
451.,5894.
452.,5894.
453.,5894.
454.,5893.
455.,5893.
456.,5892.
457.,5893.
458.,5893.
459.,5893.
460.,5894.
461.,5894.
462.,5894.
463.,5894.
464.,5894.
465.,5894.
466.,5893.
467.,5894.
468.,5894.
469.,5894.
470.,5893.
471.,5895.
472.,5895.
473.,5894.
474.,5894.
475.,5894.
476.,5894.
477.,5894.
478.,5895.
479.,5894.
480.,5894.
481.,5894.
482.,5894.
483.,5894.
484.,5894.
485.,5893.
486.,5893.
487.,5893.
488.,5893.
489.,5893.
490.,5893.
491.,5893.
492.,5893.
493.,5893.
494.,5893.
495.,5893.
496.,5893.
497.,5893.
498.,5894.
499.,5895.
500.,5895.
501.,5895.
502.,5895.
503.,5895.
504.,5895.
505.,5895.
506.,5895.
507.,5896.
508.,5896.
509.,5896.
510.,5896.
511.,5897.
512.,5896.
513.,5896.
514.,5896.
515.,5896.
516.,5896.
517.,5896.
518.,5896.
519.,5896.
520.,5896.
521.,5896.
522.,5897.
523.,5896.
524.,5896.
525.,5897.
526.,5898.
527.,5897.
528.,5897.
529.,5896.
530.,5896.
531.,5897.
532.,5897.
533.,5897.
534.,5897.
535.,5897.
536.,5897.
537.,5897.
538.,5897.
539.,5897.
540.,5897.
541.,5897.
542.,5900.
543.,5899.
544.,5899.
545.,5899.
546.,5899.
547.,5899.
548.,5899.
549.,5899.
550.,5899.
551.,5901.
552.,5901.
553.,5901.
554.,5899.
555.,5900.
556.,5901.
557.,5900.
558.,5901.
559.,5900.
560.,5900.
561.,5900.
562.,5900.
563.,5900.
564.,5900.
565.,5900.
566.,5900.
567.,5900.
568.,5900.
569.,5900.
570.,5900.
571.,5900.
572.,5900.
573.,5900.
574.,5901.
575.,5901.
576.,5901.
577.,5901.
578.,5901.
579.,5901.
580.,5901.
581.,5901.
582.,5901.
583.,5901.
584.,5901.
585.,5901.
586.,5901.
587.,5900.
588.,5899.
589.,5900.
590.,5901.
591.,5901.
592.,5900.
593.,5900.
594.,5902.
595.,5902.
596.,5903.
597.,5903.
598.,5903.
599.,5902.
600.,5902.
601.,5901.
602.,5900.
603.,5901.
604.,5901.
605.,5902.
606.,5902.
607.,5900.
608.,5900.
609.,5900.
610.,5901.
611.,5899.
612.,5899.
613.,5902.
614.,5901.
615.,5900.
616.,5900.
617.,5900.
618.,5896.
619.,5898.
620.,5898.
621.,5899.
622.,5898.
623.,5900.
624.,5901.
625.,5901.
626.,5902.
627.,5901.
628.,5901.
629.,5900.
630.,5900.
631.,5899.
632.,5900.
633.,5900.
634.,5900.
635.,5900.
636.,5901.
637.,5899.
638.,5901.
639.,5901.
640.,5902.
641.,5904.
642.,5904.
643.,5904.
644.,5904.
645.,5905.
646.,5904.
647.,5904.
648.,5904.
649.,5904.
650.,5904.
651.,5906.
652.,5907.
653.,5906.
654.,5907.
655.,5906.
656.,5907.
657.,5907.
658.,5907.
659.,5907.
660.,5907.
661.,5906.
662.,5906.
663.,5906.
664.,5906.
665.,5906.
666.,5906.
667.,5906.
668.,5906.
669.,5906.
670.,5906.
671.,5906.
672.,5906.
673.,5906.
674.,5906.
675.,5906.
676.,5906.
677.,5906.
678.,5906.
679.,5906.
680.,5906.
681.,5906.
682.,5906.
683.,5906.
684.,5906.
685.,5906.
686.,5906.
687.,5906.
688.,5906.
689.,5906.
690.,5906.
691.,5906.
692.,5906.
693.,5906.
694.,5906.
695.,5906.
696.,5906.
697.,5906.
698.,5906.
699.,5906.
700.,5906.
701.,5906.
702.,5906.
703.,5906.
704.,5906.
705.,5906.
706.,5906.
707.,5906.
708.,5906.
709.,5906.
710.,5906.
711.,5906.
712.,5906.
713.,5906.
714.,5906.
715.,5906.
716.,5906.
717.,5906.
718.,5906.
719.,5906.
720.,5906.
721.,5907.
722.,5907.
723.,5908.
724.,5908.
725.,5908.
726.,5908.
727.,5908.
728.,5908.
729.,5908.
730.,5908.
731.,5908.
732.,5909.
733.,5909.
734.,5909.
735.,5909.
736.,5909.
737.,5910.
738.,5910.
739.,5911.
740.,5911.
741.,5911.
742.,5910.
743.,5910.
744.,5910.
745.,5909.
746.,5910.
747.,5911.
748.,5911.
749.,5911.
750.,5911.
751.,5911.
752.,5911.
753.,5911.
754.,5911.
755.,5911.
756.,5911.
757.,5912.
758.,5912.
759.,5911.
760.,5911.
761.,5911.
762.,5911.
763.,5911.
764.,5911.
765.,5911.
766.,5911.
767.,5912.
768.,5912.
769.,5911.
770.,5910.
771.,5912.
772.,5913.
773.,5912.
774.,5912.
775.,5912.
776.,5912.
777.,5912.
778.,5912.
779.,5912.
780.,5913.
781.,5913.
782.,5913.
783.,5913.
784.,5913.
785.,5913.
786.,5913.
787.,5913.
788.,5913.
789.,5913.
790.,5913.
791.,5913.
792.,5913.
793.,5913.
794.,5913.
795.,5913.
796.,5913.
797.,5914.
798.,5913.
799.,5913.
800.,5913.
801.,5913.
802.,5913.
803.,5914.
804.,5914.
805.,5914.
806.,5914.
807.,5914.
808.,5914.
809.,5914.
810.,5914.
811.,5914.
812.,5914.
813.,5914.
814.,5914.
815.,5914.
816.,5914.
817.,5913.
818.,5913.
819.,5913.
820.,5913.
821.,5913.
822.,5913.
823.,5913.
824.,5913.
825.,5913.
826.,5913.
827.,5913.
828.,5914.
829.,5914.
830.,5914.
831.,5914.
832.,5914.
833.,5914.
834.,5914.
835.,5914.
836.,5914.
837.,5914.
838.,5914.
839.,5914.
840.,5914.
841.,5914.
842.,5914.
843.,5914.
844.,5914.
845.,5914.
846.,5914.
847.,5914.
848.,5914.
849.,5914.
850.,5914.
851.,5914.
852.,5914.
853.,5914.
854.,5914.
855.,5914.
856.,5914.
857.,5914.
858.,5914.
859.,5914.
860.,5915.
861.,5915.
862.,5917.
863.,5917.
864.,5917.
865.,5917.
866.,5918.
867.,5920.
868.,5920.
869.,5920.
870.,5920.
871.,5920.
872.,5920.
873.,5920.
874.,5920.
875.,5920.
876.,5920.
877.,5919.
878.,5919.
879.,5919.
880.,5919.
881.,5920.
882.,5920.
883.,5920.
884.,5920.
885.,5920.
886.,5920.
887.,5920.
888.,5920.
889.,5920.
890.,5920.
891.,5920.
892.,5920.
893.,5920.
894.,5920.
895.,5920.
896.,5920.
897.,5920.
898.,5920.
899.,5920.
900.,5920.
901.,5920.
902.,5920.
903.,5920.
904.,5920.
905.,5920.
906.,5920.
907.,5920.
908.,5920.
909.,5920.
910.,5920.
911.,5920.
912.,5920.
913.,5920.
914.,5920.
915.,5920.
916.,5920.
917.,5920.
918.,5920.
919.,5920.
920.,5920.
921.,5920.
922.,5920.
923.,5920.
924.,5920.
925.,5920.
926.,5920.
927.,5920.
928.,5920.
929.,5920.
930.,5920.
931.,5921.
932.,5921.
933.,5921.
934.,5921.
935.,5921.
936.,5921.
937.,5921.
938.,5921.
939.,5921.
940.,5921.
941.,5921.
942.,5921.
943.,5921.
944.,5921.
945.,5921.
946.,5921.
947.,5921.
948.,5921.
949.,5921.
950.,5921.
951.,5920.
952.,5920.
953.,5920.
954.,5920.
955.,5920.
956.,5920.
957.,5920.
958.,5920.
959.,5920.
960.,5920.
961.,5921.
962.,5921.
963.,5920.
964.,5922.
965.,5922.
966.,5922.
967.,5922.
968.,5922.
969.,5922.
970.,5923.
971.,5923.
972.,5923.
973.,5923.
974.,5923.
975.,5923.
976.,5923.
977.,5923.
978.,5923.
979.,5923.
980.,5923.
981.,5923.
982.,5923.
983.,5923.
984.,5923.
985.,5923.
986.,5923.
987.,5923.
988.,5923.
989.,5923.
990.,5923.
991.,5923.
992.,5923.
993.,5923.
994.,5923.
995.,5923.
996.,5923.
997.,5923.
998.,5923.
999.,5923.
1000.,5923.
1001.,5923.
1002.,5923.
1003.,5924.
1004.,5924.
1005.,5925.
1006.,5925.
1007.,5925.
1008.,5926.
1009.,5928.
1010.,5928.
1011.,5929.
1012.,5929.
1013.,5930.
1014.,5930.
1015.,5930.
1016.,5930.
1017.,5930.
1018.,5930.
1019.,5930.
1020.,5930.
1021.,5930.
1022.,5930.
1023.,5930.
1024.,5930.
1025.,5930.
1026.,5930.
1027.,5930.
1028.,5930.
1029.,5930.
1030.,5930.
1031.,5931.
1032.,5931.
1033.,5931.
1034.,5931.
1035.,5931.
1036.,5931.
1037.,5931.
1038.,5931.
1039.,5931.
1040.,5931.
1041.,5930.
1042.,5930.
1043.,5930.
1044.,5930.
1045.,5930.
1046.,5930.
1047.,5930.
1048.,5930.
1049.,5930.
1050.,5930.
1051.,5931.
1052.,5930.
1053.,5930.
1054.,5931.
1055.,5931.
1056.,5931.
1057.,5931.
1058.,5931.
1059.,5931.
1060.,5931.
1061.,5932.
1062.,5932.
1063.,5932.
1064.,5932.
1065.,5932.
1066.,5932.
1067.,5932.
1068.,5932.
1069.,5932.
1070.,5932.
1071.,5932.
1072.,5932.
1073.,5932.
1074.,5932.
1075.,5932.
1076.,5932.
1077.,5932.
1078.,5932.
1079.,5932.
1080.,5932.
1081.,5932.
1082.,5932.
1083.,5932.
1084.,5932.
1085.,5932.
1086.,5932.
1087.,5932.
1088.,5932.
1089.,5932.
1090.,5932.
1091.,5932.
1092.,5932.
1093.,5932.
1094.,5932.
1095.,5932.
1096.,5932.
1097.,5932.
1098.,5932.
1099.,5932.
1100.,5932.
1101.,5932.
1102.,5932.
1103.,5932.
1104.,5932.
1105.,5932.
1106.,5932.
1107.,5932.
1108.,5932.
1109.,5932.
1110.,5932.
1111.,5932.
1112.,5932.
1113.,5932.
1114.,5932.
1115.,5932.
1116.,5932.
1117.,5933.
1118.,5933.
1119.,5932.
1120.,5932.
1121.,5932.
1122.,5932.
1123.,5932.
1124.,5932.
1125.,5932.
1126.,5932.
1127.,5932.
1128.,5932.
1129.,5932.
1130.,5932.
1131.,5933.
1132.,5934.
1133.,5934.
1134.,5934.
1135.,5934.
1136.,5934.
1137.,5934.
1138.,5934.
1139.,5934.
1140.,5934.
1141.,5934.
1142.,5934.
1143.,5934.
1144.,5934.
1145.,5934.
1146.,5934.
1147.,5935.
1148.,5935.
1149.,5935.
1150.,5935.
1151.,5935.
1152.,5935.
1153.,5935.
1154.,5935.
1155.,5934.
1156.,5934.
1157.,5934.
1158.,5934.
1159.,5934.
1160.,5934.
1161.,5934.
1162.,5934.
1163.,5934.
1164.,5934.
1165.,5934.
1166.,5934.
1167.,5934.
1168.,5934.
1169.,5934.
1170.,5934.
1171.,5934.
1172.,5934.
1173.,5934.
1174.,5935.
1175.,5935.
1176.,5935.
1177.,5935.
1178.,5935.
1179.,5936.
1180.,5936.
1181.,5937.
1182.,5937.
1183.,5937.
1184.,5937.
1185.,5937.
1186.,5937.
1187.,5937.
1188.,5937.
1189.,5937.
1190.,5937.
1191.,5937.
1192.,5937.
1193.,5937.
1194.,5937.
1195.,5937.
1196.,5937.
1197.,5937.
1198.,5937.
1199.,5937.
1200.,5937.
1201.,5937.
1202.,5937.
1203.,5937.
1204.,5937.
1205.,5937.
1206.,5937.
1207.,5938.
1208.,5937.
1209.,5937.
1210.,5937.
1211.,5938.
1212.,5938.
1213.,5938.
1214.,5938.
1215.,5938.
1216.,5938.
1217.,5938.
1218.,5938.
1219.,5938.
1220.,5938.
1221.,5938.
1222.,5937.
1223.,5938.
1224.,5938.
1225.,5938.
1226.,5938.
1227.,5938.
1228.,5939.
1229.,5939.
1230.,5939.
1231.,5939.
1232.,5940.
1233.,5940.
1234.,5940.
1235.,5940.
1236.,5940.
1237.,5940.
1238.,5940.
1239.,5940.
1240.,5940.
1241.,5940.
1242.,5940.
1243.,5940.
1244.,5940.
1245.,5940.
1246.,5940.
1247.,5940.
1248.,5940.
1249.,5940.
1250.,5940.
1251.,5941.
1252.,5942.
1253.,5943.
1254.,5943.
1255.,5944.
1256.,5946.
1257.,5947.
1258.,5946.
1259.,5948.
1260.,5949.
1261.,5949.
1262.,5949.
1263.,5949.
1264.,5949.
1265.,5949.
1266.,5949.
1267.,5949.
1268.,5950.
1269.,5949.
1270.,5949.
1271.,5950.
1272.,5951.
1273.,5951.
1274.,5951.
1275.,5951.
1276.,5951.
1277.,5951.
1278.,5951.
1279.,5954.
1280.,5954.
1281.,5955.
1282.,5956.
1283.,5958.
1284.,5959.
1285.,5958.
1286.,5958.
1287.,5958.
1288.,5958.
1289.,5958.
1290.,5958.
1291.,5958.
1292.,5958.
1293.,5958.
1294.,5958.
1295.,5958.
1296.,5958.
1297.,5958.
1298.,5957.
1299.,5956.
1300.,5957.
1301.,5958.
1302.,5958.
1303.,5960.
1304.,5961.
1305.,5961.
1306.,5962.
1307.,5962.
1308.,5962.
1309.,5962.
1310.,5962.
1311.,5963.
1312.,5962.
1313.,5963.
1314.,5963.
1315.,5963.
1316.,5963.
1317.,5964.
1318.,5964.
1319.,5964.
1320.,5965.
1321.,5964.
1322.,5964.
1323.,5965.
1324.,5965.
1325.,5965.
1326.,5965.
1327.,5966.
1328.,5966.
1329.,5967.
1330.,5967.
1331.,5967.
1332.,5968.
1333.,5970.
1334.,5970.
1335.,5970.
1336.,5969.
1337.,5969.
1338.,5969.
1339.,5969.
1340.,5970.
1341.,5971.
1342.,5973.
1343.,5974.
1344.,5974.
1345.,5974.
1346.,5974.
1347.,5974.
1348.,5974.
1349.,5974.
1350.,5975.
1351.,5974.
1352.,5973.
1353.,5974.
1354.,5974.
1355.,5974.
1356.,5974.
1357.,5975.
1358.,5974.
1359.,5975.
1360.,5975.
1361.,5975.
1362.,5975.
1363.,5975.
1364.,5975.
1365.,5976.
1366.,5976.
1367.,5976.
1368.,5976.
1369.,5976.
1370.,5976.
1371.,5976.
1372.,5976.
1373.,5976.
1374.,5976.
1375.,5976.
1376.,5977.
1377.,5977.
1378.,5977.
1379.,5977.
1380.,5977.
1381.,5977.
1382.,5977.
1383.,5977.
1384.,5979.
1385.,5977.
1386.,5978.
1387.,5978.
1388.,5978.
1389.,5977.
1390.,5977.
1391.,5978.
1392.,5979.
1393.,5979.
1394.,5981.
1395.,5985.
1396.,5985.
1397.,5987.
1398.,5987.
1399.,5986.
1400.,5987.
1401.,5988.
1402.,5988.
1403.,5987.
1404.,5987.
1405.,5987.
1406.,5987.
1407.,5987.
1408.,5987.
1409.,5987.
1410.,5988.
1411.,5988.
1412.,5988.
1413.,5988.
1414.,5987.
1415.,5987.
1416.,5987.
1417.,5987.
1418.,5989.
1419.,5991.
1420.,5991.
1421.,5991.
1422.,5991.
1423.,5991.
1424.,5992.
1425.,5992.
1426.,5992.
1427.,5992.
1428.,5992.
1429.,5992.
1430.,5993.
1431.,5993.
1432.,5993.
1433.,5993.
1434.,5993.
1435.,5993.
1436.,5993.
1437.,5993.
1438.,5993.
1439.,5993.
1440.,5994.
1441.,5994.
1442.,5996.
1443.,5999.
1444.,6000.
1445.,6001.
1446.,6002.
1447.,6004.
1448.,6003.
1449.,6003.
1450.,6003.
1451.,6003.
1452.,6003.
1453.,6003.
1454.,6003.
1455.,6003.
1456.,6003.
1457.,6003.
1458.,6003.
1459.,6003.
1460.,6003.
1461.,6003.
1462.,6004.
1463.,6003.
1464.,6003.
1465.,6003.
1466.,6004.
1467.,6004.
1468.,6003.
1469.,6002.
1470.,6002.
1471.,6003.
1472.,6002.
1473.,6002.
1474.,6002.
1475.,6002.
1476.,6002.
1477.,6002.
1478.,6003.
1479.,6003.
1480.,6003.
1481.,6003.
1482.,6003.
1483.,6003.
1484.,6003.
1485.,6003.
1486.,6003.
1487.,6003.
1488.,6003.
1489.,6004.
1490.,6005.
1491.,6005.
1492.,6005.
1493.,6005.
1494.,6005.
1495.,6005.
1496.,6005.
1497.,6005.
1498.,6005.
1499.,6005.
1500.,6005.
1501.,6005.
1502.,6005.
1503.,6005.
1504.,6005.
1505.,6005.
1506.,6005.
1507.,6005.
1508.,6005.
1509.,6005.
1510.,6005.
1511.,6005.
1512.,6005.
1513.,6005.
1514.,6005.
1515.,6005.
1516.,6006.
1517.,6006.
1518.,6007.
1519.,6007.
1520.,6007.
1521.,6009.
1522.,6008.
1523.,6010.
1524.,6011.
1525.,6012.
1526.,6014.
1527.,6013.
1528.,6013.
1529.,6013.
1530.,6011.
1531.,6014.
1532.,6015.
1533.,6016.
1534.,6014.
1535.,6014.
1536.,6015.
1537.,6014.
1538.,6016.
1539.,6016.
1540.,6017.
1541.,6017.
1542.,6017.
1543.,6019.
1544.,6019.
1545.,6021.
1546.,6021.
1547.,6021.
1548.,6021.
1549.,6021.
1550.,6021.
1551.,6023.
1552.,6023.
1553.,6022.
1554.,6023.
1555.,6023.
1556.,6023.
1557.,6023.
1558.,6024.
1559.,6024.
1560.,6025.
1561.,6025.
1562.,6025.
1563.,6025.
1564.,6026.
1565.,6027.
1566.,6027.
1567.,6027.
1568.,6027.
1569.,6027.
1570.,6028.
1571.,6028.
1572.,6028.
1573.,6029.
1574.,6027.
1575.,6026.
1576.,6027.
1577.,6027.
1578.,6027.
1579.,6027.
1580.,6027.
1581.,6028.
1582.,6027.
1583.,6027.
1584.,6028.
1585.,6028.
1586.,6029.
1587.,6029.
1588.,6029.
1589.,6029.
1590.,6029.
1591.,6028.
1592.,6030.
1593.,6032.
1594.,6032.
1595.,6032.
1596.,6032.
1597.,6032.
1598.,6032.
1599.,6032.
1600.,6032.
1601.,6032.
1602.,6032.
1603.,6032.
1604.,6032.
1605.,6032.
1606.,6032.
1607.,6032.
1608.,6032.
1609.,6032.
1610.,6032.
1611.,6032.
1612.,6032.
1613.,6031.
1614.,6032.
1615.,6033.
1616.,6033.
1617.,6033.
1618.,6033.
1619.,6033.
1620.,6033.
1621.,6032.
1622.,6033.
1623.,6033.
1624.,6033.
1625.,6033.
1626.,6033.
1627.,6033.
1628.,6033.
1629.,6033.
1630.,6034.
1631.,6035.
1632.,6035.
1633.,6035.
1634.,6035.
1635.,6035.
1636.,6035.
1637.,6035.
1638.,6035.
1639.,6035.
1640.,6036.
1641.,6036.
1642.,6036.
1643.,6036.
1644.,6036.
1645.,6037.
1646.,6036.
1647.,6038.
1648.,6038.
1649.,6038.
1650.,6038.
1651.,6038.
1652.,6038.
1653.,6038.
1654.,6038.
1655.,6038.
1656.,6038.
1657.,6038.
1658.,6038.
1659.,6038.
1660.,6038.
1661.,6038.
1662.,6038.
1663.,6038.
1664.,6039.
1665.,6039.
1666.,6039.
1667.,6039.
1668.,6039.
1669.,6039.
1670.,6039.
1671.,6040.
1672.,6040.
1673.,6040.
1674.,6040.
1675.,6039.
1676.,6039.
1677.,6040.
1678.,6040.
1679.,6042.
1680.,6042.
1681.,6040.
1682.,6041.
1683.,6041.
1684.,6041.
1685.,6041.
1686.,6041.
1687.,6041.
1688.,6041.
1689.,6041.
1690.,6042.
1691.,6042.
1692.,6045.
1693.,6045.
1694.,6045.
1695.,6045.
1696.,6046.
1697.,6046.
1698.,6046.
1699.,6050.
1700.,6053.
1701.,6054.
1702.,6055.
1703.,6055.
1704.,6055.
1705.,6056.
1706.,6057.
1707.,6058.
1708.,6059.
1709.,6060.
1710.,6061.
1711.,6061.
1712.,6063.
1713.,6062.
1714.,6065.
1715.,6066.
1716.,6066.
1717.,6067.
1718.,6068.
1719.,6070.
1720.,6071.
1721.,6071.
1722.,6073.
1723.,6074.
1724.,6075.
1725.,6074.
1726.,6074.
1727.,6077.
1728.,6078.
1729.,6080.
1730.,6081.
1731.,6082.
1732.,6081.
1733.,6082.
1734.,6083.
1735.,6083.
1736.,6083.
1737.,6084.
1738.,6083.
1739.,6084.
1740.,6084.
1741.,6084.
1742.,6083.
1743.,6084.
1744.,6084.
1745.,6086.
1746.,6086.
1747.,6086.
1748.,6086.
1749.,6084.
1750.,6084.
1751.,6085.
1752.,6086.
1753.,6087.
1754.,6087.
1755.,6087.
1756.,6089.
1757.,6089.
1758.,6089.
1759.,6089.
1760.,6089.
1761.,6089.
1762.,6089.
1763.,6089.
1764.,6089.
1765.,6091.
1766.,6092.
1767.,6092.
1768.,6092.
1769.,6090.
1770.,6090.
1771.,6091.
1772.,6091.
1773.,6091.
1774.,6093.
1775.,6093.
1776.,6094.
1777.,6094.
1778.,6095.
1779.,6097.
1780.,6097.
1781.,6097.
1782.,6097.
1783.,6098.
1784.,6099.
1785.,6097.
1786.,6097.
1787.,6098.
1788.,6098.
1789.,6098.
1790.,6100.
1791.,6100.
1792.,6100.
1793.,6101.
1794.,6101.
1795.,6101.
1796.,6102.
1797.,6102.
1798.,6102.
1799.,6102.
1800.,6103.
1801.,6102.
1802.,6102.
1803.,6102.
1804.,6103.
1805.,6103.
1806.,6103.
1807.,6103.
1808.,6103.
1809.,6103.
1810.,6103.
1811.,6103.
1812.,6103.
1813.,6103.
1814.,6103.
1815.,6104.
1816.,6105.
1817.,6105.
1818.,6105.
1819.,6105.
1820.,6105.
1821.,6105.
1822.,6105.
1823.,6105.
1824.,6105.
1825.,6105.
1826.,6105.
1827.,6105.
1828.,6105.
1829.,6105.
1830.,6105.
1831.,6105.
1832.,6105.
1833.,6105.
1834.,6105.
1835.,6105.
1836.,6106.
1837.,6106.
1838.,6106.
1839.,6106.
1840.,6106.
1841.,6106.
1842.,6107.
1843.,6107.
1844.,6107.
1845.,6107.
1846.,6107.
1847.,6107.
1848.,6108.
1849.,6107.
1850.,6108.
1851.,6108.
1852.,6108.
1853.,6109.
1854.,6109.
1855.,6109.
1856.,6109.
1857.,6109.
1858.,6110.
1859.,6110.
1860.,6110.
1861.,6110.
1862.,6111.
1863.,6111.
1864.,6111.
1865.,6111.
1866.,6111.
1867.,6112.
1868.,6112.
1869.,6112.
1870.,6112.
1871.,6112.
1872.,6112.
1873.,6112.
1874.,6112.
1875.,6112.
1876.,6112.
1877.,6112.
1878.,6112.
1879.,6112.
1880.,6112.
1881.,6111.
1882.,6111.
1883.,6111.
1884.,6112.
1885.,6112.
1886.,6112.
1887.,6112.
1888.,6112.
1889.,6113.
1890.,6112.
1891.,6112.
1892.,6113.
1893.,6114.
1894.,6114.
1895.,6115.
1896.,6114.
1897.,6115.
1898.,6115.
1899.,6116.
1900.,6115.
1901.,6115.
1902.,6115.
1903.,6115.
1904.,6115.
1905.,6115.
1906.,6115.
1907.,6115.
1908.,6117.
1909.,6117.
1910.,6117.
1911.,6118.
1912.,6118.
1913.,6118.
1914.,6118.
1915.,6119.
1916.,6119.
1917.,6119.
1918.,6120.
1919.,6120.
1920.,6120.
1921.,6120.
1922.,6121.
1923.,6121.
1924.,6122.
1925.,6122.
1926.,6124.
1927.,6124.
1928.,6125.
1929.,6126.
1930.,6127.
1931.,6127.
1932.,6127.
1933.,6127.
1934.,6128.
1935.,6128.
1936.,6129.
1937.,6129.
1938.,6129.
1939.,6129.
1940.,6129.
1941.,6130.
1942.,6130.
1943.,6130.
1944.,6132.
1945.,6133.
1946.,6132.
1947.,6133.
1948.,6132.
1949.,6133.
1950.,6133.
1951.,6133.
1952.,6134.
1953.,6134.
1954.,6134.
1955.,6134.
1956.,6134.
1957.,6134.
1958.,6134.
1959.,6134.
1960.,6134.
1961.,6134.
1962.,6134.
1963.,6134.
1964.,6134.
1965.,6134.
1966.,6135.
1967.,6136.
1968.,6135.
1969.,6136.
1970.,6135.
1971.,6135.
1972.,6136.
1973.,6137.
1974.,6137.
1975.,6137.
1976.,6136.
1977.,6137.
1978.,6137.
1979.,6138.
1980.,6137.
1981.,6137.
1982.,6138.
1983.,6138.
1984.,6138.
1985.,6138.
1986.,6138.
1987.,6138.
1988.,6138.
1989.,6138.
1990.,6138.
1991.,6138.
1992.,6138.
1993.,6138.
1994.,6139.
1995.,6138.
1996.,6139.
1997.,6139.
1998.,6139.
1999.,6139.
2000.,6139.
2001.,6139.
2002.,6139.
2003.,6139.
2004.,6139.
2005.,6139.
2006.,6139.
2007.,6139.
2008.,6139.
2009.,6140.
2010.,6140.
2011.,6140.
2012.,6140.
2013.,6140.
2014.,6140.
2015.,6140.
2016.,6140.
2017.,6140.
2018.,6140.
2019.,6140.
2020.,6140.
2021.,6141.
2022.,6141.
2023.,6141.
2024.,6141.
2025.,6142.
2026.,6143.
2027.,6143.
2028.,6146.
2029.,6146.
2030.,6146.
2031.,6148.
2032.,6148.
2033.,6148.
2034.,6148.
2035.,6147.
2036.,6147.
2037.,6148.
2038.,6148.
2039.,6148.
2040.,6148.
2041.,6150.
2042.,6150.
2043.,6150.
2044.,6150.
2045.,6153.
2046.,6153.
2047.,6155.
2048.,6155.
2049.,6154.
2050.,6155.
2051.,6155.
2052.,6154.
2053.,6155.
2054.,6155.
2055.,6154.
2056.,6155.
2057.,6155.
2058.,6155.
2059.,6156.
2060.,6156.
2061.,6157.
2062.,6159.
2063.,6159.
2064.,6160.
2065.,6161.
2066.,6161.
2067.,6162.
2068.,6162.
2069.,6164.
2070.,6164.
2071.,6163.
2072.,6164.
2073.,6164.
2074.,6164.
2075.,6164.
2076.,6165.
2077.,6165.
2078.,6166.
2079.,6167.
2080.,6166.
2081.,6166.
2082.,6166.
2083.,6165.
2084.,6166.
2085.,6166.
2086.,6167.
2087.,6167.
2088.,6167.
2089.,6166.
2090.,6166.
2091.,6168.
2092.,6168.
2093.,6169.
2094.,6170.
2095.,6170.
2096.,6171.
2097.,6174.
2098.,6174.
2099.,6175.
2100.,6175.
2101.,6179.
2102.,6177.
2103.,6178.
2104.,6176.
2105.,6176.
2106.,6177.
2107.,6178.
2108.,6177.
2109.,6177.
2110.,6178.
2111.,6176.
2112.,6177.
2113.,6177.
2114.,6174.
2115.,6175.
2116.,6174.
2117.,6173.
2118.,6173.
2119.,6174.
2120.,6173.
2121.,6172.
2122.,6171.
2123.,6173.
2124.,6174.
2125.,6174.
2126.,6174.
2127.,6174.
2128.,6174.
2129.,6176.
2130.,6176.
2131.,6177.
2132.,6177.
2133.,6178.
2134.,6178.
2135.,6177.
2136.,6176.
2137.,6177.
2138.,6176.
2139.,6177.
2140.,6178.
2141.,6176.
2142.,6177.
2143.,6178.
2144.,6177.
2145.,6178.
2146.,6179.
2147.,6178.
2148.,6178.
2149.,6179.
2150.,6181.
2151.,6180.
2152.,6179.
2153.,6178.
2154.,6179.
2155.,6180.
2156.,6178.
2157.,6179.
2158.,6181.
2159.,6181.
2160.,6183.
2161.,6184.
2162.,6186.
2163.,6187.
2164.,6189.
2165.,6190.
2166.,6190.
2167.,6193.
2168.,6193.
2169.,6198.
2170.,6201.
2171.,6203.
2172.,6203.
2173.,6202.
2174.,6201.
2175.,6201.
2176.,6201.
2177.,6203.
2178.,6204.
2179.,6203.
2180.,6203.
2181.,6204.
2182.,6204.
2183.,6204.
2184.,6204.
2185.,6204.
2186.,6204.
2187.,6204.
2188.,6204.
2189.,6204.
2190.,6204.
2191.,6205.
2192.,6207.
2193.,6206.
2194.,6207.
2195.,6208.
2196.,6208.
2197.,6206.
2198.,6207.
2199.,6207.
2200.,6208.
2201.,6208.
2202.,6208.
2203.,6207.
2204.,6207.
2205.,6207.
2206.,6208.
2207.,6207.
2208.,6207.
2209.,6207.
2210.,6207.
2211.,6208.
2212.,6207.
2213.,6207.
2214.,6207.
2215.,6207.
2216.,6207.
2217.,6207.
2218.,6208.
2219.,6208.
2220.,6208.
2221.,6208.
2222.,6208.
2223.,6208.
2224.,6208.
2225.,6208.
2226.,6208.
2227.,6208.
2228.,6208.
2229.,6208.
2230.,6208.
2231.,6208.
2232.,6208.
2233.,6208.
2234.,6208.
2235.,6208.
2236.,6208.
2237.,6208.
2238.,6208.
2239.,6208.
2240.,6208.
2241.,6208.
2242.,6208.
2243.,6208.
2244.,6208.
2245.,6210.
2246.,6211.
2247.,6211.
2248.,6213.
2249.,6215.
2250.,6217.
2251.,6219.
2252.,6221.
2253.,6224.
2254.,6224.
2255.,6226.
2256.,6226.
2257.,6227.
2258.,6228.
2259.,6230.
2260.,6231.
2261.,6232.
2262.,6231.
2263.,6231.
2264.,6232.
2265.,6232.
2266.,6232.
2267.,6232.
2268.,6232.
2269.,6232.
2270.,6232.
2271.,6232.
2272.,6231.
2273.,6233.
2274.,6232.
2275.,6232.
2276.,6233.
2277.,6236.
2278.,6236.
2279.,6236.
2280.,6238.
2281.,6238.
2282.,6239.
2283.,6239.
2284.,6238.
2285.,6239.
2286.,6239.
2287.,6240.
2288.,6241.
2289.,6240.
2290.,6240.
2291.,6241.
2292.,6242.
2293.,6242.
2294.,6242.
2295.,6243.
2296.,6243.
2297.,6243.
2298.,6243.
2299.,6244.
2300.,6244.
2301.,6244.
2302.,6245.
2303.,6245.
2304.,6245.
2305.,6245.
2306.,6245.
2307.,6245.
2308.,6245.
2309.,6245.
2310.,6245.
2311.,6245.
2312.,6245.
2313.,6245.
2314.,6245.
2315.,6245.
2316.,6245.
2317.,6246.
2318.,6246.
2319.,6246.
2320.,6247.
2321.,6248.
2322.,6247.
2323.,6247.
2324.,6247.
2325.,6247.
2326.,6247.
2327.,6247.
2328.,6247.
2329.,6247.
2330.,6247.
2331.,6247.
2332.,6247.
2333.,6247.
2334.,6247.
2335.,6247.
2336.,6247.
2337.,6247.
2338.,6247.
2339.,6247.
2340.,6247.
2341.,6247.
2342.,6248.
2343.,6248.
2344.,6248.
2345.,6248.
2346.,6249.
2347.,6250.
2348.,6249.
2349.,6250.
2350.,6250.
2351.,6253.
2352.,6253.
2353.,6253.
2354.,6253.
2355.,6253.
2356.,6253.
2357.,6253.
2358.,6253.
2359.,6253.
2360.,6253.
2361.,6253.
2362.,6253.
2363.,6254.
2364.,6254.
2365.,6254.
2366.,6254.
2367.,6257.
2368.,6258.
2369.,6258.
2370.,6259.
2371.,6260.
2372.,6260.
2373.,6260.
2374.,6261.
2375.,6261.
2376.,6261.
2377.,6261.
2378.,6261.
2379.,6261.
2380.,6262.
2381.,6263.
2382.,6264.
2383.,6265.
2384.,6266.
2385.,6267.
2386.,6268.
2387.,6267.
2388.,6268.
2389.,6268.
2390.,6268.
2391.,6267.
2392.,6268.
2393.,6270.
2394.,6269.
2395.,6269.
2396.,6269.
2397.,6268.
2398.,6268.
2399.,6268.
2400.,6268.
2401.,6269.
2402.,6269.
2403.,6269.
2404.,6268.
2405.,6267.
2406.,6267.
2407.,6269.
2408.,6269.
2409.,6269.
2410.,6270.
2411.,6270.
2412.,6270.
2413.,6271.
2414.,6271.
2415.,6271.
2416.,6271.
2417.,6272.
2418.,6272.
2419.,6272.
2420.,6273.
2421.,6272.
2422.,6274.
2423.,6274.
2424.,6274.
2425.,6276.
2426.,6276.
2427.,6277.
2428.,6277.
2429.,6276.
2430.,6276.
2431.,6276.
2432.,6276.
2433.,6276.
2434.,6276.
2435.,6276.
2436.,6276.
2437.,6276.
2438.,6276.
2439.,6276.
2440.,6276.
2441.,6276.
2442.,6276.
2443.,6276.
2444.,6276.
2445.,6276.
2446.,6276.
2447.,6276.
2448.,6276.
2449.,6276.
2450.,6277.
2451.,6277.
2452.,6278.
2453.,6276.
2454.,6277.
2455.,6277.
2456.,6278.
2457.,6278.
2458.,6278.
2459.,6279.
2460.,6278.
2461.,6278.
2462.,6278.
2463.,6279.
2464.,6279.
2465.,6279.
2466.,6278.
2467.,6278.
2468.,6278.
2469.,6278.
2470.,6278.
2471.,6277.
2472.,6277.
2473.,6277.
2474.,6279.
2475.,6279.
2476.,6279.
2477.,6279.
2478.,6279.
2479.,6279.
2480.,6280.
2481.,6280.
2482.,6280.
2483.,6280.
2484.,6281.
2485.,6281.
2486.,6281.
2487.,6281.
2488.,6281.
2489.,6281.
2490.,6281.
2491.,6281.
2492.,6279.
2493.,6279.
2494.,6280.
2495.,6280.
2496.,6279.
2497.,6280.
2498.,6280.
2499.,6280.
2500.,6280.
2501.,6282.
2502.,6284.
2503.,6283.
2504.,6287.
2505.,6287.
2506.,6289.
2507.,6292.
2508.,6292.
2509.,6295.
2510.,6297.
2511.,6298.
2512.,6302.
2513.,6305.
2514.,6305.
2515.,6307.
2516.,6307.
2517.,6303.
2518.,6303.
2519.,6309.
2520.,6314.
2521.,6321.
2522.,6323.
2523.,6325.
2524.,6324.
2525.,6322.
2526.,6324.
2527.,6325.
2528.,6325.
2529.,6327.
2530.,6324.
2531.,6327.
2532.,6328.
2533.,6330.
2534.,6332.
2535.,6333.
2536.,6335.
2537.,6330.
2538.,6329.
2539.,6329.
2540.,6334.
2541.,6335.
2542.,6334.
2543.,6339.
2544.,6342.
2545.,6345.
2546.,6346.
2547.,6344.
2548.,6343.
2549.,6343.
2550.,6341.
2551.,6343.
2552.,6343.
2553.,6342.
2554.,6339.
2555.,6341.
2556.,6341.
2557.,6341.
2558.,6339.
2559.,6342.
2560.,6343.
2561.,6343.
2562.,6346.
2563.,6345.
2564.,6347.
2565.,6348.
2566.,6348.
2567.,6349.
2568.,6348.
2569.,6348.
2570.,6350.
2571.,6350.
2572.,6350.
2573.,6350.
2574.,6350.
2575.,6353.
2576.,6355.
2577.,6355.
2578.,6358.
2579.,6358.
2580.,6359.
2581.,6358.
2582.,6360.
2583.,6359.
2584.,6361.
2585.,6363.
2586.,6363.
2587.,6364.
2588.,6364.
2589.,6367.
2590.,6369.
2591.,6372.
2592.,6371.
2593.,6369.
2594.,6371.
2595.,6370.
2596.,6369.
2597.,6370.
2598.,6370.
2599.,6370.
2600.,6370.
2601.,6371.
2602.,6371.
2603.,6371.
2604.,6371.
2605.,6374.
2606.,6374.
2607.,6374.
2608.,6375.
2609.,6376.
2610.,6375.
2611.,6376.
2612.,6376.
2613.,6376.
2614.,6376.
2615.,6376.
2616.,6376.
2617.,6375.
2618.,6376.
2619.,6376.
2620.,6376.
2621.,6377.
2622.,6376.
2623.,6377.
2624.,6376.
2625.,6378.
2626.,6378.
2627.,6381.
2628.,6382.
2629.,6383.
2630.,6382.
2631.,6380.
2632.,6383.
2633.,6382.
2634.,6383.
2635.,6386.
2636.,6389.
2637.,6389.
2638.,6388.
2639.,6389.
2640.,6389.
2641.,6392.
2642.,6394.
2643.,6393.
2644.,6393.
2645.,6392.
2646.,6394.
2647.,6396.
2648.,6396.
2649.,6397.
2650.,6398.
2651.,6399.
2652.,6402.
2653.,6404.
2654.,6404.
2655.,6403.
2656.,6402.
2657.,6402.
2658.,6404.
2659.,6405.
2660.,6404.
2661.,6405.
2662.,6406.
2663.,6408.
2664.,6408.
2665.,6406.
2666.,6408.
2667.,6410.
2668.,6409.
2669.,6409.
2670.,6412.
2671.,6412.
2672.,6415.
2673.,6416.
2674.,6417.
2675.,6419.
2676.,6420.
2677.,6421.
2678.,6420.
2679.,6420.
2680.,6420.
2681.,6420.
2682.,6419.
2683.,6420.
2684.,6422.
2685.,6422.
2686.,6422.
2687.,6424.
2688.,6424.
2689.,6423.
2690.,6423.
2691.,6423.
2692.,6425.
2693.,6426.
2694.,6427.
2695.,6427.
2696.,6427.
2697.,6428.
2698.,6430.
2699.,6431.
2700.,6433.
2701.,6435.
2702.,6434.
2703.,6435.
2704.,6436.
2705.,6439.
2706.,6437.
2707.,6438.
2708.,6438.
2709.,6438.
2710.,6438.
2711.,6438.
2712.,6439.
2713.,6439.
2714.,6438.
2715.,6440.
2716.,6443.
2717.,6445.
2718.,6446.
2719.,6446.
2720.,6447.
2721.,6448.
2722.,6450.
2723.,6451.
2724.,6453.
2725.,6454.
2726.,6454.
2727.,6457.
2728.,6459.
2729.,6460.
2730.,6461.
2731.,6465.
2732.,6464.
2733.,6464.
2734.,6464.
2735.,6465.
2736.,6464.
2737.,6465.
2738.,6467.
2739.,6468.
2740.,6468.
2741.,6468.
2742.,6470.
2743.,6472.
2744.,6474.
2745.,6476.
2746.,6480.
2747.,6478.
2748.,6476.
2749.,6478.
2750.,6477.
2751.,6476.
2752.,6478.
2753.,6480.
2754.,6485.
2755.,6487.
2756.,6488.
2757.,6489.
2758.,6487.
2759.,6488.
2760.,6488.
2761.,6488.
2762.,6489.
2763.,6490.
2764.,6488.
2765.,6488.
2766.,6488.
2767.,6488.
2768.,6489.
2769.,6489.
2770.,6490.
2771.,6492.
2772.,6490.
2773.,6491.
2774.,6492.
2775.,6493.
2776.,6491.
2777.,6491.
2778.,6493.
2779.,6493.
2780.,6495.
2781.,6495.
2782.,6496.
2783.,6496.
2784.,6497.
2785.,6497.
2786.,6496.
2787.,6498.
2788.,6499.
2789.,6498.
2790.,6499.
2791.,6499.
2792.,6499.
2793.,6499.
2794.,6500.
2795.,6500.
2796.,6501.
2797.,6502.
2798.,6501.
2799.,6501.
2800.,6503.
2801.,6505.
2802.,6503.
2803.,6506.
2804.,6507.
2805.,6509.
2806.,6508.
2807.,6510.
2808.,6510.
2809.,6510.
2810.,6511.
2811.,6514.
2812.,6515.
2813.,6515.
2814.,6513.
2815.,6513.
2816.,6515.
2817.,6517.
2818.,6517.
2819.,6519.
2820.,6519.
2821.,6521.
2822.,6521.
2823.,6521.
2824.,6523.
2825.,6524.
2826.,6526.
2827.,6527.
2828.,6526.
2829.,6526.
2830.,6527.
2831.,6528.
2832.,6528.
2833.,6528.
2834.,6529.
2835.,6529.
2836.,6529.
2837.,6532.
2838.,6533.
2839.,6535.
2840.,6539.
2841.,6539.
2842.,6539.
2843.,6541.
2844.,6540.
2845.,6541.
2846.,6539.
2847.,6539.
2848.,6541.
2849.,6544.
2850.,6544.
2851.,6543.
2852.,6542.
2853.,6542.
2854.,6543.
2855.,6545.
2856.,6546.
2857.,6546.
2858.,6546.
2859.,6545.
2860.,6548.
2861.,6549.
2862.,6551.
2863.,6550.
2864.,6550.
2865.,6554.
2866.,6555.
2867.,6556.
2868.,6556.
2869.,6560.
2870.,6559.
2871.,6559.
2872.,6559.
2873.,6559.
2874.,6559.
2875.,6559.
2876.,6560.
2877.,6562.
2878.,6561.
2879.,6561.
2880.,6560.
2881.,6561.
2882.,6563.
2883.,6563.
2884.,6565.
2885.,6567.
2886.,6569.
2887.,6569.
2888.,6570.
2889.,6571.
2890.,6574.
2891.,6574.
2892.,6574.
2893.,6574.
2894.,6575.
2895.,6576.
2896.,6575.
2897.,6577.
2898.,6577.
2899.,6575.
2900.,6576.
2901.,6575.
2902.,6576.
2903.,6575.
2904.,6575.
2905.,6576.
2906.,6578.
2907.,6577.
2908.,6578.
2909.,6578.
2910.,6578.
2911.,6579.
2912.,6581.
2913.,6582.
2914.,6581.
2915.,6584.
2916.,6582.
2917.,6582.
2918.,6582.
2919.,6582.
2920.,6582.
2921.,6583.
2922.,6583.
2923.,6584.
2924.,6585.
2925.,6586.
2926.,6586.
2927.,6586.
2928.,6588.
2929.,6589.
2930.,6590.
2931.,6590.
2932.,6591.
2933.,6590.
2934.,6590.
2935.,6590.
2936.,6590.
2937.,6591.
2938.,6591.
2939.,6591.
2940.,6592.
2941.,6594.
2942.,6596.
2943.,6597.
2944.,6596.
2945.,6596.
2946.,6595.
2947.,6598.
2948.,6603.
2949.,6603.
2950.,6605.
2951.,6605.
2952.,6605.
2953.,6608.
2954.,6607.
2955.,6608.
2956.,6607.
2957.,6613.
2958.,6613.
2959.,6613.
2960.,6612.
2961.,6613.
2962.,6615.
2963.,6618.
2964.,6617.
2965.,6618.
2966.,6620.
2967.,6620.
2968.,6624.
2969.,6620.
2970.,6625.
2971.,6626.
2972.,6628.
2973.,6628.
2974.,6630.
2975.,6635.
2976.,6632.
2977.,6633.
2978.,6631.
2979.,6628.
2980.,6632.
2981.,6632.
2982.,6632.
2983.,6636.
2984.,6640.
2985.,6640.
2986.,6640.
2987.,6641.
2988.,6644.
2989.,6647.
2990.,6647.
2991.,6650.
2992.,6651.
2993.,6653.
2994.,6654.
2995.,6658.
2996.,6660.
2997.,6660.
2998.,6658.
2999.,6663.
3000.,6663.
3001.,6663.
3002.,6663.
3003.,6664.
3004.,6664.
3005.,6663.
3006.,6664.
3007.,6668.
3008.,6667.
3009.,6668.
3010.,6669.
3011.,6671.
3012.,6673.
3013.,6675.
3014.,6676.
3015.,6677.
3016.,6677.
3017.,6678.
3018.,6678.
3019.,6679.
3020.,6679.
3021.,6680.
3022.,6680.
3023.,6680.
3024.,6680.
3025.,6680.
3026.,6682.
3027.,6682.
3028.,6682.
3029.,6682.
3030.,6682.
3031.,6682.
3032.,6685.
3033.,6686.
3034.,6687.
3035.,6687.
3036.,6691.
3037.,6691.
3038.,6691.
3039.,6691.
3040.,6692.
3041.,6691.
3042.,6691.
3043.,6691.
3044.,6691.
3045.,6691.
3046.,6691.
3047.,6693.
3048.,6694.
3049.,6694.
3050.,6694.
3051.,6694.
3052.,6694.
3053.,6692.
3054.,6692.
3055.,6692.
3056.,6694.
3057.,6693.
3058.,6694.
3059.,6696.
3060.,6694.
3061.,6692.
3062.,6694.
3063.,6695.
3064.,6697.
3065.,6698.
3066.,6698.
3067.,6698.
3068.,6698.
3069.,6699.
3070.,6699.
3071.,6699.
3072.,6698.
3073.,6696.
3074.,6700.
3075.,6701.
3076.,6704.
3077.,6704.
3078.,6705.
3079.,6706.
3080.,6705.
3081.,6709.
3082.,6709.
3083.,6711.
3084.,6711.
3085.,6713.
3086.,6714.
3087.,6715.
3088.,6715.
3089.,6715.
3090.,6715.
3091.,6716.
3092.,6721.
3093.,6721.
3094.,6719.
3095.,6722.
3096.,6723.
3097.,6724.
3098.,6727.
3099.,6727.
3100.,6728.
3101.,6731.
3102.,6731.
3103.,6733.
3104.,6735.
3105.,6738.
3106.,6738.
3107.,6738.
3108.,6739.
3109.,6741.
3110.,6745.
3111.,6745.
3112.,6746.
3113.,6746.
3114.,6745.
3115.,6747.
3116.,6748.
3117.,6747.
3118.,6748.
3119.,6748.
3120.,6750.
3121.,6749.
3122.,6750.
3123.,6752.
3124.,6753.
3125.,6755.
3126.,6755.
3127.,6754.
3128.,6758.
3129.,6758.
3130.,6759.
3131.,6761.
3132.,6761.
3133.,6762.
3134.,6765.
3135.,6767.
3136.,6768.
3137.,6768.
3138.,6767.
3139.,6767.
3140.,6766.
3141.,6766.
3142.,6768.
3143.,6768.
3144.,6767.
3145.,6767.
3146.,6768.
3147.,6769.
3148.,6769.
3149.,6769.
3150.,6770.
3151.,6770.
3152.,6770.
3153.,6767.
3154.,6768.
3155.,6768.
3156.,6768.
3157.,6768.
3158.,6768.
3159.,6769.
3160.,6773.
3161.,6772.
3162.,6772.
3163.,6772.
3164.,6772.
3165.,6773.
3166.,6774.
3167.,6773.
3168.,6775.
3169.,6776.
3170.,6775.
3171.,6779.
3172.,6777.
3173.,6778.
3174.,6778.
3175.,6778.
3176.,6779.
3177.,6778.
3178.,6782.
3179.,6780.
3180.,6782.
3181.,6782.
3182.,6784.
3183.,6785.
3184.,6786.
3185.,6784.
3186.,6785.
3187.,6785.
3188.,6783.
3189.,6784.
3190.,6784.
3191.,6785.
3192.,6784.
3193.,6786.
3194.,6786.
3195.,6787.
3196.,6789.
3197.,6789.
3198.,6792.
3199.,6793.
3200.,6792.
3201.,6795.
3202.,6796.
3203.,6795.
3204.,6796.
3205.,6796.
3206.,6795.
3207.,6796.
3208.,6796.
3209.,6799.
3210.,6800.
3211.,6800.
3212.,6802.
3213.,6802.
3214.,6807.
3215.,6809.
3216.,6813.
3217.,6816.
3218.,6819.
3219.,6819.
3220.,6823.
3221.,6824.
3222.,6824.
3223.,6829.
3224.,6831.
3225.,6837.
3226.,6838.
3227.,6840.
3228.,6842.
3229.,6846.
3230.,6850.
3231.,6852.
3232.,6856.
3233.,6855.
3234.,6854.
3235.,6858.
3236.,6863.
3237.,6864.
3238.,6861.
3239.,6859.
3240.,6866.
3241.,6865.
3242.,6866.
3243.,6869.
3244.,6869.
3245.,6870.
3246.,6873.
3247.,6874.
3248.,6878.
3249.,6880.
3250.,6883.
3251.,6887.
3252.,6891.
3253.,6892.
3254.,6893.
3255.,6895.
3256.,6897.
3257.,6898.
3258.,6898.
3259.,6899.
3260.,6902.
3261.,6902.
3262.,6902.
3263.,6903.
3264.,6904.
3265.,6905.
3266.,6905.
3267.,6905.
3268.,6905.
3269.,6907.
3270.,6909.
3271.,6910.
3272.,6912.
3273.,6916.
3274.,6918.
3275.,6918.
3276.,6918.
3277.,6919.
3278.,6922.
3279.,6924.
3280.,6925.
3281.,6927.
3282.,6928.
3283.,6928.
3284.,6930.
3285.,6933.
3286.,6932.
3287.,6934.
3288.,6935.
3289.,6937.
3290.,6939.
3291.,6941.
3292.,6942.
3293.,6941.
3294.,6943.
3295.,6944.
3296.,6945.
3297.,6945.
3298.,6946.
3299.,6946.
3300.,6945.
3301.,6944.
3302.,6947.
3303.,6950.
3304.,6949.
3305.,6951.
3306.,6951.
3307.,6954.
3308.,6957.
3309.,6958.
3310.,6958.
3311.,6959.
3312.,6958.
3313.,6960.
3314.,6964.
3315.,6966.
3316.,6969.
3317.,6970.
3318.,6970.
3319.,6974.
3320.,6974.
3321.,6977.
3322.,6978.
3323.,6980.
3324.,6982.
3325.,6983.
3326.,6984.
3327.,6984.
3328.,6984.
3329.,6984.
3330.,6984.
3331.,6984.
3332.,6984.
3333.,6985.
3334.,6987.
3335.,6985.
3336.,6985.
3337.,6985.
3338.,6987.
3339.,6989.
3340.,6991.
3341.,6993.
3342.,6996.
3343.,6995.
3344.,6996.
3345.,6997.
3346.,6996.
3347.,6997.
3348.,6997.
3349.,6997.
3350.,6998.
3351.,6998.
3352.,7000.
3353.,7001.
3354.,7001.
3355.,7003.
3356.,7004.
3357.,7004.
3358.,7004.
3359.,7004.
3360.,7005.
3361.,7006.
3362.,7006.
3363.,7006.
3364.,7005.
3365.,7004.
3366.,7004.
3367.,7005.
3368.,7004.
3369.,7008.
3370.,7008.
3371.,7008.
3372.,7009.
3373.,7009.
3374.,7009.
3375.,7011.
3376.,7011.
3377.,7011.
3378.,7011.
3379.,7011.
3380.,7011.
3381.,7011.
3382.,7011.
3383.,7011.
3384.,7011.
3385.,7013.
3386.,7016.
3387.,7018.
3388.,7019.
3389.,7020.
3390.,7021.
3391.,7019.
3392.,7020.
3393.,7020.
3394.,7021.
3395.,7022.
3396.,7021.
3397.,7022.
3398.,7022.
3399.,7023.
3400.,7022.
3401.,7025.
3402.,7029.
3403.,7028.
3404.,7030.
3405.,7030.
3406.,7032.
3407.,7033.
3408.,7033.
3409.,7034.
3410.,7035.
3411.,7036.
3412.,7036.
3413.,7040.
3414.,7038.
3415.,7037.
3416.,7037.
3417.,7037.
3418.,7037.
3419.,7038.
3420.,7039.
3421.,7039.
3422.,7039.
3423.,7041.
3424.,7041.
3425.,7041.
3426.,7041.
3427.,7040.
3428.,7041.
3429.,7042.
3430.,7043.
3431.,7042.
3432.,7044.
3433.,7046.
3434.,7047.
3435.,7050.
3436.,7050.
3437.,7050.
3438.,7050.
3439.,7050.
3440.,7050.
3441.,7050.
3442.,7048.
3443.,7048.
3444.,7049.
3445.,7050.
3446.,7051.
3447.,7052.
3448.,7055.
3449.,7057.
3450.,7059.
3451.,7060.
3452.,7061.
3453.,7062.
3454.,7061.
3455.,7061.
3456.,7061.
3457.,7061.
3458.,7065.
3459.,7064.
3460.,7072.
3461.,7076.
3462.,7077.
3463.,7079.
3464.,7079.
3465.,7081.
3466.,7083.
3467.,7083.
3468.,7083.
3469.,7086.
3470.,7091.
3471.,7094.
3472.,7095.
3473.,7096.
3474.,7097.
3475.,7097.
3476.,7101.
3477.,7104.
3478.,7109.
3479.,7113.
3480.,7113.
3481.,7114.
3482.,7116.
3483.,7112.
3484.,7115.
3485.,7116.
3486.,7114.
3487.,7114.
3488.,7115.
3489.,7118.
3490.,7117.
3491.,7119.
3492.,7121.
3493.,7122.
3494.,7123.
3495.,7124.
3496.,7127.
3497.,7127.
3498.,7131.
3499.,7132.
3500.,7135.
3501.,7136.
3502.,7140.
3503.,7144.
3504.,7148.
3505.,7148.
3506.,7148.
3507.,7154.
3508.,7154.
3509.,7154.
3510.,7157.
3511.,7159.
3512.,7162.
3513.,7163.
3514.,7166.
3515.,7169.
3516.,7173.
3517.,7175.
3518.,7177.
3519.,7177.
3520.,7178.
3521.,7179.
3522.,7181.
3523.,7181.
3524.,7180.
3525.,7181.
3526.,7181.
3527.,7180.
3528.,7181.
3529.,7182.
3530.,7181.
3531.,7181.
3532.,7183.
3533.,7185.
3534.,7188.
3535.,7189.
3536.,7191.
3537.,7190.
3538.,7191.
3539.,7191.
3540.,7190.
3541.,7195.
3542.,7193.
3543.,7195.
3544.,7197.
3545.,7196.
3546.,7196.
3547.,7196.
3548.,7198.
3549.,7201.
3550.,7201.
3551.,7202.
3552.,7202.
3553.,7203.
3554.,7206.
3555.,7206.
3556.,7209.
3557.,7210.
3558.,7210.
3559.,7211.
3560.,7215.
3561.,7221.
3562.,7221.
3563.,7219.
3564.,7221.
3565.,7221.
3566.,7222.
3567.,7222.
3568.,7221.
3569.,7223.
3570.,7224.
3571.,7222.
3572.,7221.
3573.,7222.
3574.,7226.
3575.,7226.
3576.,7231.
3577.,7233.
3578.,7232.
3579.,7233.
3580.,7233.
3581.,7233.
3582.,7234.
3583.,7237.
3584.,7238.
3585.,7240.
3586.,7242.
3587.,7244.
3588.,7244.
3589.,7245.
3590.,7245.
3591.,7245.
3592.,7245.
3593.,7248.
3594.,7248.
3595.,7250.
3596.,7252.
3597.,7253.
3598.,7254.
3599.,7254.
3600.,7254.
3601.,7253.
3602.,7255.
3603.,7255.
3604.,7257.
3605.,7260.
3606.,7259.
3607.,7261.
3608.,7261.
3609.,7261.
3610.,7262.
3611.,7263.
3612.,7265.
3613.,7267.
3614.,7269.
3615.,7271.
3616.,7275.
3617.,7274.
3618.,7276.
3619.,7275.
3620.,7276.
3621.,7276.
3622.,7277.
3623.,7275.
3624.,7277.
3625.,7277.
3626.,7277.
3627.,7278.
3628.,7280.
3629.,7278.
3630.,7281.
3631.,7285.
3632.,7288.
3633.,7290.
3634.,7295.
3635.,7297.
3636.,7300.
3637.,7301.
3638.,7300.
3639.,7301.
3640.,7303.
3641.,7303.
3642.,7304.
3643.,7306.
3644.,7310.
3645.,7312.
3646.,7313.
3647.,7315.
3648.,7319.
3649.,7322.
3650.,7327.
3651.,7327.
3652.,7329.
3653.,7331.
3654.,7334.
3655.,7337.
3656.,7338.
3657.,7337.
3658.,7341.
3659.,7343.
3660.,7346.
3661.,7351.
3662.,7355.
3663.,7355.
3664.,7356.
3665.,7359.
3666.,7359.
3667.,7361.
3668.,7365.
3669.,7365.
3670.,7364.
3671.,7368.
3672.,7373.
3673.,7376.
3674.,7375.
3675.,7374.
3676.,7379.
3677.,7380.
3678.,7384.
3679.,7387.
3680.,7390.
3681.,7395.
3682.,7397.
3683.,7399.
3684.,7400.
3685.,7402.
3686.,7404.
3687.,7408.
3688.,7409.
3689.,7410.
3690.,7411.
3691.,7413.
3692.,7413.
3693.,7416.
3694.,7417.
3695.,7419.
3696.,7420.
3697.,7423.
3698.,7422.
3699.,7423.
3700.,7425.
3701.,7427.
3702.,7428.
3703.,7430.
3704.,7434.
3705.,7434.
3706.,7436.
3707.,7438.
3708.,7439.
3709.,7443.
3710.,7445.
3711.,7445.
3712.,7446.
3713.,7447.
3714.,7446.
3715.,7449.
3716.,7450.
3717.,7449.
3718.,7453.
3719.,7458.
3720.,7459.
3721.,7462.
3722.,7464.
3723.,7463.
3724.,7471.
3725.,7471.
3726.,7471.
3727.,7473.
3728.,7474.
3729.,7475.
3730.,7477.
3731.,7478.
3732.,7479.
3733.,7479.
3734.,7479.
3735.,7480.
3736.,7482.
3737.,7480.
3738.,7481.
3739.,7482.
3740.,7482.
3741.,7483.
3742.,7483.
3743.,7485.
3744.,7485.
3745.,7485.
3746.,7486.
3747.,7486.
3748.,7486.
3749.,7486.
3750.,7486.
3751.,7488.
3752.,7487.
3753.,7487.
3754.,7487.
3755.,7489.
3756.,7490.
3757.,7491.
3758.,7493.
3759.,7495.
3760.,7495.
3761.,7496.
3762.,7495.
3763.,7496.
3764.,7498.
3765.,7498.
3766.,7499.
3767.,7500.
3768.,7500.
3769.,7500.
3770.,7501.
3771.,7501.
3772.,7502.
3773.,7503.
3774.,7504.
3775.,7504.
3776.,7504.
3777.,7504.
3778.,7504.
3779.,7504.
3780.,7505.
3781.,7506.
3782.,7507.
3783.,7507.
3784.,7507.
3785.,7508.
3786.,7508.
3787.,7509.
3788.,7509.
3789.,7510.
3790.,7511.
3791.,7511.
3792.,7511.
3793.,7512.
3794.,7513.
3795.,7516.
3796.,7518.
3797.,7521.
3798.,7522.
3799.,7522.
3800.,7524.
3801.,7524.
3802.,7525.
3803.,7525.
3804.,7525.
3805.,7528.
3806.,7532.
3807.,7532.
3808.,7535.
3809.,7535.
3810.,7536.
3811.,7536.
3812.,7536.
3813.,7538.
3814.,7540.
3815.,7540.
3816.,7540.
3817.,7541.
3818.,7542.
3819.,7542.
3820.,7543.
3821.,7544.
3822.,7545.
3823.,7545.
3824.,7545.
3825.,7545.
3826.,7545.
3827.,7547.
3828.,7547.
3829.,7548.
3830.,7549.
3831.,7550.
3832.,7549.
3833.,7549.
3834.,7549.
3835.,7549.
3836.,7549.
3837.,7549.
3838.,7550.
3839.,7551.
3840.,7551.
3841.,7552.
3842.,7551.
3843.,7551.
3844.,7551.
3845.,7552.
3846.,7555.
3847.,7556.
3848.,7556.
3849.,7557.
3850.,7558.
3851.,7559.
3852.,7560.
3853.,7561.
3854.,7562.
3855.,7565.
3856.,7568.
3857.,7569.
3858.,7572.
3859.,7577.
3860.,7583.
3861.,7585.
3862.,7588.
3863.,7588.
3864.,7588.
3865.,7589.
3866.,7591.
3867.,7593.
3868.,7594.
3869.,7594.
3870.,7596.
3871.,7594.
3872.,7593.
3873.,7594.
3874.,7595.
3875.,7596.
3876.,7596.
3877.,7596.
3878.,7596.
3879.,7596.
3880.,7596.
3881.,7596.
3882.,7596.
3883.,7597.
3884.,7598.
3885.,7598.
3886.,7598.
3887.,7599.
3888.,7599.
3889.,7598.
3890.,7599.
3891.,7601.
3892.,7605.
3893.,7606.
3894.,7605.
3895.,7605.
3896.,7606.
3897.,7607.
3898.,7607.
3899.,7607.
3900.,7608.
3901.,7608.
3902.,7608.
3903.,7610.
3904.,7612.
3905.,7614.
3906.,7614.
3907.,7615.
3908.,7616.
3909.,7618.
3910.,7618.
3911.,7617.
3912.,7619.
3913.,7620.
3914.,7621.
3915.,7625.
3916.,7624.
3917.,7625.
3918.,7626.
3919.,7628.
3920.,7637.
3921.,7639.
3922.,7640.
3923.,7641.
3924.,7643.
3925.,7647.
3926.,7648.
3927.,7649.
3928.,7650.
3929.,7654.
3930.,7655.
3931.,7659.
3932.,7663.
3933.,7665.
3934.,7668.
3935.,7670.
3936.,7670.
3937.,7671.
3938.,7671.
3939.,7671.
3940.,7674.
3941.,7675.
3942.,7674.
3943.,7675.
3944.,7676.
3945.,7676.
3946.,7681.
3947.,7682.
3948.,7688.
3949.,7689.
3950.,7690.
3951.,7692.
3952.,7693.
3953.,7696.
3954.,7696.
3955.,7701.
3956.,7704.
3957.,7707.
3958.,7707.
3959.,7709.
3960.,7708.
3961.,7708.
3962.,7709.
3963.,7709.
3964.,7710.
3965.,7711.
3966.,7713.
3967.,7716.
3968.,7716.
3969.,7714.
3970.,7716.
3971.,7716.
3972.,7717.
3973.,7717.
3974.,7721.
3975.,7721.
3976.,7723.
3977.,7724.
3978.,7724.
3979.,7725.
3980.,7724.
3981.,7726.
3982.,7727.
3983.,7728.
3984.,7732.
3985.,7736.
3986.,7737.
3987.,7717.
3988.,7720.
3989.,7723.
3990.,7723.
3991.,7724.
3992.,7725.
3993.,7727.
3994.,7729.
3995.,7729.
3996.,7730.
3997.,7732.
3998.,7736.
3999.,7737.
4000.,7740.
4001.,7743.
4002.,7744.
4003.,7747.
4004.,7748.
4005.,7748.
4006.,7750.
4007.,7751.
4008.,7753.
4009.,7756.
4010.,7758.
4011.,7759.
4012.,7761.
4013.,7766.
4014.,7769.
4015.,7774.
4016.,7775.
4017.,7777.
4018.,7779.
4019.,7781.
4020.,7782.
4021.,7784.
4022.,7784.
4023.,7758.
4024.,7765.
4025.,7765.
4026.,7768.
4027.,7750.
4028.,7753.
4029.,7754.
4030.,7758.
4031.,7758.
4032.,7761.
4033.,7766.
4034.,7767.
4035.,7766.
4036.,7767.
4037.,7766.
4038.,7766.
4039.,7772.
4040.,7770.
4041.,7772.
4042.,7774.
4043.,7777.
4044.,7779.
4045.,7780.
4046.,7782.
4047.,7783.
4048.,7784.
4049.,7784.
4050.,7785.
4051.,7788.
4052.,7793.
4053.,7795.
4054.,7797.
4055.,7799.
4056.,7799.
4057.,7800.
4058.,7802.
4059.,7802.
4060.,7804.
4061.,7803.
4062.,7804.
4063.,7804.
4064.,7805.
4065.,7807.
4066.,7806.
4067.,7810.
4068.,7810.
4069.,7809.
4070.,7814.
4071.,7816.
4072.,7791.
4073.,7794.
4074.,7797.
4075.,7799.
4076.,7801.
4077.,7807.
4078.,7812.
4079.,7814.
4080.,7814.
4081.,7814.
4082.,7817.
4083.,7819.
4084.,7818.
4085.,7821.
4086.,7822.
4087.,7819.
4088.,7820.
4089.,7820.
4090.,7819.
4091.,7820.
4092.,7820.
4093.,7822.
4094.,7825.
4095.,7825.
4096.,7829.
4097.,7831.
4098.,7804.
4099.,7808.
4100.,7814.
4101.,7819.
4102.,7820.
4103.,7822.
4104.,7823.
4105.,7824.
4106.,7828.
4107.,7832.
4108.,7834.
4109.,7835.
4110.,7837.
4111.,7841.
4112.,7845.
4113.,7825.
4114.,7830.
4115.,7833.
4116.,7837.
4117.,7841.
4118.,7848.
4119.,7847.
4120.,7847.
4121.,7851.
4122.,7854.
4123.,7858.
4124.,7864.
4125.,7845.
4126.,7847.
4127.,7848.
4128.,7852.
4129.,7857.
4130.,7859.
4131.,7857.
4132.,7860.
4133.,7862.
4134.,7866.
4135.,7867.
4136.,7868.
4137.,7868.
4138.,7868.
4139.,7870.
4140.,7876.
4141.,7878.
4142.,7881.
4143.,7886.
4144.,7887.
4145.,7894.
4146.,7874.
4147.,7875.
4148.,7878.
4149.,7879.
4150.,7881.
4151.,7887.
4152.,7891.
4153.,7892.
4154.,7892.
4155.,7891.
4156.,7893.
4157.,7894.
4158.,7896.
4159.,7895.
4160.,7898.
4161.,7897.
4162.,7903.
4163.,7907.
4164.,7909.
4165.,7913.
4166.,7903.
4167.,7903.
4168.,7903.
4169.,7907.
4170.,7908.
4171.,7910.
4172.,7912.
4173.,7915.
4174.,7916.
4175.,7917.
4176.,7920.
4177.,7905.
4178.,7907.
4179.,7909.
4180.,7915.
4181.,7913.
4182.,7917.
4183.,7921.
4184.,7910.
4185.,7918.
4186.,7923.
4187.,7925.
4188.,7927.
4189.,7929.
4190.,7933.
4191.,7916.
4192.,7920.
4193.,7927.
4194.,7928.
4195.,7932.
4196.,7936.
4197.,7937.
4198.,7938.
4199.,7938.
4200.,7938.
4201.,7943.
4202.,7942.
4203.,7945.
4204.,7950.
4205.,7951.
4206.,7953.
4207.,7957.
4208.,7938.
4209.,7922.
4210.,7927.
4211.,7928.
4212.,7930.
4213.,7914.
4214.,7915.
4215.,7918.
4216.,7920.
4217.,7922.
4218.,7923.
4219.,7924.
4220.,7922.
4221.,7926.
4222.,7927.
4223.,7926.
4224.,7927.
4225.,7927.
4226.,7930.
4227.,7934.
4228.,7934.
4229.,7936.
4230.,7921.
4231.,7924.
4232.,7929.
4233.,7932.
4234.,7932.
4235.,7935.
4236.,7936.
4237.,7938.
4238.,7938.
4239.,7937.
4240.,7940.
4241.,7946.
4242.,7947.
4243.,7954.
4244.,7955.
4245.,7956.
4246.,7958.
4247.,7959.
4248.,7957.
4249.,7959.
4250.,7959.
4251.,7931.
4252.,7939.
4253.,7941.
4254.,7929.
4255.,7933.
4256.,7933.
4257.,7936.
4258.,7943.
4259.,7948.
4260.,7949.
4261.,7953.
4262.,7956.
4263.,7955.
4264.,7952.
4265.,7952.
4266.,7948.
4267.,7957.
4268.,7959.
4269.,7957.
4270.,7959.
4271.,7961.
4272.,7963.
4273.,7951.
4274.,7951.
4275.,7959.
4276.,7957.
4277.,7961.
4278.,7965.
4279.,7968.
4280.,7973.
4281.,7970.
4282.,7974.
4283.,7975.
4284.,7979.
4285.,7980.
4286.,7983.
4287.,7988.
4288.,7989.
4289.,7992.
4290.,7992.
4291.,7998.
4292.,8000.
4293.,8000.
4294.,8003.
4295.,8007.
4296.,8008.
4297.,8010.
4298.,8014.
4299.,8017.
4300.,8019.
4301.,8021.
4302.,8025.
4303.,8013.
4304.,7998.
4305.,8005.
4306.,8012.
4307.,8016.
4308.,8015.
4309.,8019.
4310.,8019.
4311.,8020.
4312.,8024.
4313.,8026.
4314.,8029.
4315.,8032.
4316.,8008.
4317.,8013.
4318.,8018.
4319.,8023.
4320.,8013.
4321.,8020.
4322.,8026.
4323.,8004.
4324.,8009.
4325.,8011.
4326.,8014.
4327.,8017.
4328.,8022.
4329.,8024.
4330.,8027.
4331.,8030.
4332.,8032.
4333.,8034.
4334.,8037.
4335.,8039.
4336.,8041.
4337.,8042.
4338.,8044.
4339.,8045.
4340.,8050.
4341.,8051.
4342.,8054.
4343.,8054.
4344.,8057.
4345.,8057.
4346.,8060.
4347.,8064.
4348.,8065.
4349.,8067.
4350.,8073.
4351.,8071.
4352.,8072.
4353.,8073.
4354.,8076.
4355.,8077.
4356.,8078.
4357.,8081.
4358.,8080.
4359.,8081.
4360.,8066.
4361.,8076.
4362.,8077.
4363.,8081.
4364.,8085.
4365.,8087.
4366.,8092.
4367.,8096.
4368.,8098.
4369.,8088.
4370.,8091.
4371.,8096.
4372.,8097.
4373.,8097.
4374.,8097.
4375.,8097.
4376.,8101.
4377.,8102.
4378.,8077.
4379.,8080.
4380.,8084.
4381.,8089.
4382.,8091.
4383.,8079.
4384.,8082.
4385.,8084.
4386.,8089.
4387.,8092.
4388.,8095.
4389.,8098.
4390.,8100.
4391.,8101.
4392.,8103.
4393.,8103.
4394.,8106.
4395.,8112.
4396.,8116.
4397.,8114.
4398.,8118.
4399.,8120.
4400.,8122.
4401.,8123.
4402.,8125.
4403.,8126.
4404.,8131.
4405.,8133.
4406.,8134.
4407.,8136.
4408.,8138.
4409.,8139.
4410.,8141.
4411.,8142.
4412.,8143.
4413.,8146.
4414.,8147.
4415.,8148.
4416.,8151.
4417.,8155.
4418.,8139.
4419.,8143.
4420.,8144.
4421.,8145.
4422.,8145.
4423.,8127.
4424.,8128.
4425.,8130.
4426.,8131.
4427.,8131.
4428.,8132.
4429.,8132.
4430.,8133.
4431.,8135.
4432.,8137.
4433.,8138.
4434.,8137.
4435.,8138.
4436.,8139.
4437.,8139.
4438.,8141.
4439.,8144.
